camera_matrix:
- [812.5433440602751, 0.0, 318.3092892169675]
- [0.0, 811.7937977449494, 240.00705393886136]
- [0.0, 0.0, 1.0]
dist_coeff:
- [-0.09470752465160923, 0.2518616933863528, -0.00010325933800832853, 0.0019586808960570736,
  0.5203678155063551]
